SUMMARY — Providence corpus
Base directory: /home/apaixonada/EvaPortelance/Projet_1/communicative_efficiency/data/preprocessed_data/Providence

Children: 6
Total sessions: 366
Total utterances — CHI: 120,814 | MOT: 250,356 | FAT: 11,337 | Caretakers(MOT+FAT): 261,693

Alex — sessions: 52
utts_per_session (CHI+MOT+FAT): 519 630 669 647 675 894 772 812 903 1147 1234 1280 1061 882 1012 998 988 855 881 915 1230 1205 1665 1343 1494 1395 1048 1521 1310 1008 1204 1268 1101 892 1422 1174 1047 1077 1365 1120 1385 1073 1296 1257 1312 1190 954 1168 1273 1099 1741 0
[WARN] Missing/derived CHI age in 1 session(s):
  - Alex/010700.cha

Ethan — sessions: 50
utts_per_session (CHI+MOT+FAT): 636 1016 1021 1012 1025 1048 882 1265 1028 1360 1125 1063 822 1181 888 1327 847 1165 1018 1000 988 614 139 1147 879 981 722 1105 449 907 961 601 966 1040 1155 1090 1066 1074 1090 885 933 1056 1052 1142 1380 1088 1143 1174 1082 1160

Lily — sessions: 80
utts_per_session (CHI+MOT+FAT): 1251 1296 1058 1018 1076 837 830 1051 876 886 1014 972 1081 1224 1437 1220 1293 1331 1336 1334 1424 1522 1132 1412 1314 1447 1453 1160 1183 1381 1141 1736 1134 1182 1127 1035 1036 1028 1229 887 1066 662 1442 1288 1388 924 475 1383 1196 914 1163 1381 1113 1283 1180 1240 1357 1146 940 1164 1274 953 1333 1484 1278 1083 1263 974 1077 1373 1416 1303 1160 1182 1301 1024 1258 1270 1316 1277

Naima — sessions: 88
utts_per_session (CHI+MOT+FAT): 1146 981 956 492 609 566 1020 1059 1549 1434 1626 1375 1591 1223 1046 1262 857 1289 1304 1325 1014 1360 919 1349 1037 1337 1183 1533 914 1324 788 1057 1202 973 1568 1066 1361 1037 353 1004 1075 1222 805 934 1296 1300 1487 669 1448 1055 1110 575 862 1394 628 501 1269 1063 580 1279 1041 1520 1464 1332 731 984 804 979 1285 1054 992 1012 1026 1127 1639 1222 668 915 1145 802 1060 895 975 1191 1223 917 1182 1604

Violet — sessions: 52
utts_per_session (CHI+MOT+FAT): 473 492 322 430 363 551 1218 669 563 371 781 548 643 533 660 784 667 758 747 672 746 619 1149 787 863 771 632 852 1312 1287 821 675 677 1014 884 1048 962 816 872 639 945 581 865 729 1010 1115 546 822 843 569 583 0
[WARN] Missing/derived CHI age in 1 session(s):
  - Violet/030200.cha

William — sessions: 44
utts_per_session (CHI+MOT+FAT): 1130 1042 1283 1252 1455 852 1312 1353 404 1119 851 1202 725 961 1213 1017 408 1295 1036 767 1153 1144 1013 940 866 1269 819 1117 733 926 1236 1075 673 1221 979 1112 1113 1472 1495 1216 1587 1019 713 1333
